%% (nr,nc)=(1000,1000), rank=8
nuAMM  = [50    45    45    45]; 

nuMAPM = [10     10     10     10];

nuALS = [0.8   0.24    0.16   0.14];

AMM_averelerr = 0.0637    0.0458    0.0377    0.0320
AMM_averank =   8     8     8     8
AMM_avetime =3.4300    4.5362    4.9760    5.5398

Brid_averelerr = 0.0652    0.0465    0.0383    0.0322
Brid_averank = 8     8     8     8
Brid_avetime = 3.1474    3.4398    3.3550    3.2614

ALS_averelerr = 0.7660    0.6167    0.6118    0.3465
ALS_averank = 21.8000   23.0000   21.4000   16.0000
ALS_avetime = 6.4418   14.1996   13.1446    7.7466


Toh_averelerr = 0.1909    0.1544    0.1351    0.1280
Toh_averank =1.0e+03 * 0.6666    0.7512    0.7294    1.0000
Toh_avetime = 156.2102  153.5226  153.9156  156.3138
%% (nr,nc)=(1000,1000), rank=10

nuAMM  = [45    40    40     40]; 

nuMAPM = [10    10    10     10]

nuALS = [3.5    2.5    1.8    1.5]

AMM_averelerr =  0.0753    0.0520    0.0427    0.0359
AMM_averank =  10    10    10    10
AMM_avetime = 3.4532    4.6088    5.0212    5.7178

Brid_averelerr =  0.0753    0.0528    0.0433    0.0361
Brid_averank =  10    10    10    10
Brid_avetime =3.2970    3.5176    3.4960    3.5376

ALS_averelerr = 0.8498    0.8069    0.7528    0.7271
ALS_averank = 20    20    20    20
ALS_avetime = 3.1904    2.9260    2.8942    2.8672


Toh_averelerr = 0.1952    0.1599    0.1421    0.1317
Toh_averank =1.0e+03 *  0.6784    0.7408    0.7278    1.0000
Toh_avetime = 151.3256  150.8802  151.3518  153.1872

%% rank = 20 

nuAMM  = [40   32    32    28]; 

nuMAPM = [8    6     6     5];

nuALS = [1  1   1   1 ];


AMM_averelerr =  0.1338    0.0822    0.0991    0.0532
AMM_averank = 20.0000   20.0000   19.8000   20.0000
AMM_avetime = 3.8272    4.5104    4.9668    5.5888

Brid_averelerr = 0.1292    0.0821    0.0651    0.0535
Brid_averank =  20    20    20    20
Brid_avetime = 3.7638    4.0822    3.9418    3.7906

ALS_averelerr = 0.7896    0.7004    0.6785    0.6460
ALS_averank = 44    40    40    40
ALS_avetime = 11.4058    4.5592    3.4474    3.0522

Toh_averelerr =0.2532    0.1872    0.1589    0.1410
Toh_averank =1.0e+03 * 0.6906    0.7652    0.7190    1.0000
Toh_avetime = 154.4978  153.5954  154.5300  156.0450
%% (nr,nc)=(3000,3000), rank=10

nuAMM  = [120   95    95     95]; 

nuMAPM = [30    30    30     30]

nuALS = [1  1   1  1];

AMM_averelerr = 0.0376    0.0283    0.0237    0.0201
AMM_averank = 10    10    10    10
AMM_avetime = 32.8122   38.8116   43.7504   51.7424

Brid_averelerr = 0.0375    0.0283    0.0238    0.0202
Brid_averank = 10    10    10    10
Brid_avetime =33.9994   33.5888   35.2294   34.0168

ALS_averelerr = 0.7652    0.6596    0.6422    0.5896
ALS_averank = 30    20    20    20
ALS_avetime =33.1462   28.2480   26.1644   25.8696


%% (nr,nc)=(3000,3000), rank=20

nuAMM  = [100    80    80     80]; 

nuMAPM = [25     25    25     25]

nuALS = [1  1   1  1];

AMM_averelerr =  0.0552    0.0411    0.0340    0.0289
AMM_averank = 20    20    20    20
AMM_avetime = 32.6014   38.2394   43.3406   51.0368

Brid_averelerr =  0.0553    0.0410    0.0341    0.0289
Brid_averank = 20    20    20    20
Brid_avetime = 36.0756   35.6340   37.0252   35.5774

ALS_averelerr =  0.7663    0.6672    0.6506    0.6062
ALS_averank = 44.8000   40.0000   40.0000   40.0000
ALS_avetime =  92.9554   30.1694   26.7334   25.7994


%%   (nr,nc)=(5000,5000), rank=10
nuAMM  = [200    160    160    160]; 

nuMAPM = [40     30     30     30];

nuALS = [1    1   1  1 ];

AMM_averelerr = 0.0287    0.0217    0.0182    0.0155
AMM_averank = 10    10    10    10
AMM_avetime =92.6950  111.8910  131.1630  152.7504

Brid_averelerr =  0.0283    0.0216    0.0182    0.0155
Brid_averank = 10    10    10    10
Brid_avetime =  99.2228  101.1588  105.9602  100.3732

ALS_averelerr = 0.7611    0.6558    0.6391    0.5846
ALS_averank = 30    20    20    20
ALS_avetime = 97.7172   79.3660   75.8276   74.8116


%%   (nr,nc)=(5000,5000), rank=20
nuAMM  = [200    160    160    160]; 

nuMAPM = [40     30     30     30];

nuALS = [1  1   1    1];

AMM_averelerr =0.0413    0.0311    0.0260    0.0220
AMM_averank = 20    20    20    20
AMM_avetime = 93.4658  113.0442  130.0186  153.8854

Brid_averelerr = 0.0410    0.0310    0.0259    0.0221
Brid_averank =20    20    20    20
Brid_avetime = 106.5884  107.7828  112.5760  106.5202

ALS_averelerr = 0.7634    0.6605    0.6440    0.5937
ALS_averank = 54    40    40    40
ALS_avetime = 173.5024   83.9680   77.4194   76.6126
  


