%% dataset = 1; tnr = 1000;   tnc = 100;

nuAMM = [50  50  50];

nuMAPM = [18   18  18]; 

nuALS =  [5  4  3];

AMM_aveNMAE =0.1967    0.1887    0.1872
AMM_averank = 1.2000    1.0000    1.0000
AMM_avetime = 0.5266    0.3086    0.2940

Brid_aveNMAE = 0.1968    0.1888    0.1872
Brid_averank = 1     1     1
Brid_avetime =0.4150    0.1572    0.1386

ALS_aveNMAE =0.2204    0.2203    0.2204
ALS_averank = 1.8000    1.6000    1.8000
ALS_avetime = 0.7170    0.3960    0.3694
       
Toh_aveNMAE =  0.1948    0.1901    0.1881
Toh_aveRankX =  100   100   100
Toh_avetime =  23.8758   24.1802   26.8580

%% ****** data = 1;  tnr = 2000;  tnc = 100; **************************************
nuAMM = [60  60   60];

nuMAPM = [24  24  24];

nuALS =  [5  4  3];

AMM_aveNMAE =0.2015    0.1939    0.1887
AMM_averank =  1.4000    1.0000    1.0000
AMM_avetime =0.9786    0.8328    0.9478

Brid_aveNMAE = 0.1950    0.1940    0.1887
Brid_averank =  1     1     1
Brid_avetime = 0.5348    0.5448    0.5650

ALS_aveNMAE =  0.2203    0.2209    0.2206
ALS_averank = 1.8000    2.0000    1.8000
ALS_avetime = 1.1084    0.8854    1.0170

Toh_aveNMAE =  0.1956    0.1928    0.1888
Toh_aveRankX = 100   100   100
Toh_avetime =  176.1218  175.4368  175.3990

%% ****** data = 1;  tnr = 4000;  tnc = 100; **************************************

nuAMM = [ 82  82  82];

nuMAPM = [30  30  30];

nuALS =  [5  4  3];

AMM_aveNMAE =  0.1971    0.1897    0.1867
AMM_averank = 1.8000    1.4000    1.0000
AMM_avetime = 2.1536    1.5970    1.4316

Brid_aveNMAE = 0.1948    0.1910    0.1868
Brid_averank =1.4000    1.0000    1.0000
Brid_avetime =1.3610    1.0242    0.9424

ALS_aveNMAE =0.2215    0.2216    0.2206
ALS_averank =2.0000    1.6000    1.8000
ALS_avetime = 2.1930    1.6654    1.6972


%% ****** data = 2;  tnr = 1000;  tnc = 100; **************************************

nuAMM = [ 48  48  48 ];

nuMAPM = [18  18  18];

nuALS =  [5  4  3];


AMM_aveNMAE = 0.2014    0.1888    0.1868
AMM_averank =  1.4000    1.0000    1.0000
AMM_avetime =  0.3586    0.2520    0.2730

Brid_aveNMAE = 0.1964    0.1889    0.1868
Brid_averank =   1     1     1
Brid_avetime =0.1792    0.1256    0.1316

ALS_aveNMAE =0.2210    0.2221    0.2219
ALS_averank = 2.0000    2.0000    1.8000
ALS_avetime = 0.4774    0.3048    0.3410


Toh_aveNMAE = 0.1956    0.1915    0.1895
Toh_aveRankX =100   100   100
Toh_avetime =24.5474   24.3152   24.3516
%% ****** data = 2;  tnr = 2000;  tnc = 100; **************************************

nuAMM = [ 60  60   60];

nuMAPM = [24  24  24];

nuALS =  [5  4  3];

AMM_aveNMAE = 0.1963    0.1898    0.1884
AMM_averank = 1.8000    1.2000    1.0000
AMM_avetime = 1.1238    0.7488    0.7868

Brid_aveNMAE = 0.1937    0.1907    0.1884
Brid_averank = 1.2000    1.0000    1.0000
Brid_avetime =  0.6838    0.5206    0.5164

ALS_aveNMAE = 0.2215    0.2220    0.2224
ALS_averank =  2.2000    1.6000    1.8000
ALS_avetime = 1.1612    0.9464    0.9320

Toh_aveNMAE = 0.1945    0.1915    0.1903
Toh_aveRankX = 100   100   100
Toh_avetime =174.5240  174.5376  174.2362


%% ****** data = 2;  tnr = 4000;  tnc = 100; **************************************

nuAMM = [  95  95  95];

nuMAPM = [ 30  30  30];


AMM_aveNMAE = 0.1943    0.1872    0.1861
AMM_averank = 1     1     1
AMM_avetime = 1.4994    1.3198    1.4872

Brid_aveNMAE = 0.1944    0.1872    0.1861
Brid_averank =   1     1     1
Brid_avetime = 1.1532    0.9048    0.9484

ALS_aveNMAE =  0.2225    0.2222    0.2220
ALS_averank = 1.8000    1.4000    1.8000
ALS_avetime = 2.0802    1.5422    1.4958


%% ****** data = 3;  tnr = 1000;  tnc = 100; **************************************

nuAMM = [7  7  7];  %%£¨*£©

nuMAPM = [ 0.7  0.7  0.7];


AMM_aveNMAE = 0.2316    0.2309    0.2336
AMM_averank =36.8000   35.6000   30.0000
AMM_avetime = 0.2196    0.2084    0.2138

Brid_aveNMAE = 0.2320    0.2314    0.2343
Brid_averank =29.6000   29.4000   28.8000
Brid_avetime = 0.1494    0.1352    0.1464

ALS_aveNMAE = 0.2306    0.2294    0.2311
ALS_averank =  3     3     3
ALS_avetime = 0.3460    0.3502    0.4090

Toh_aveNMAE = 0.2172    0.2121    0.2126
Toh_aveRankX = 88.2000   87.4000   91.4000
Toh_avetime = 23.7672   26.3846   24.1462
%% ****** data = 3;  tnr = 2000;  tnc = 100; **************************************
nuAMM = [10  10  10];

nuMAPM = [ 0.8  0.8   0.8];


AMM_aveNMAE = 0.2311    0.2309    0.2319
AMM_averank =36.6000   35.2000   31.0000
AMM_avetime = 0.9196    0.9326    0.9640

Brid_aveNMAE = 0.2314    0.2315    0.2327
Brid_averank = 35.0000   32.4000   34.8000
Brid_avetime  = 0.7202    0.8142    0.7824

ALS_aveNMAE =  0.2297    0.2299    0.2300
ALS_averank = 3.0000    2.6000    3.8000
ALS_avetime = 1.3938    1.4202    1.1960

Toh_aveNMAE = 0.2172    0.2120    0.2131
Toh_aveRankX =91.0000   91.0000   91.4000
Toh_avetime = 173.8588  174.7372  174.0066
%% ****** data = 3;  tnr = 4000;  tnc = 100; **************************************

nuAMM = [13  13  13];

nuMAPM = [ 1.2  1.2  1.2 ];

AMM_aveNMAE =0.2317    0.2323    0.2313
AMM_averank =40.6000   40.4000   35.2000
AMM_avetime = 2.7338    2.7088    2.8340

Brid_aveNMAE = 0.2321    0.2328    0.2325
Brid_averank = 33.0000   34.8000   34.2000
Brid_avetime =  2.5284    2.5146    2.6882

ALS_aveNMAE =  0.2308    0.2315    0.2297
ALS_averank = 2.4000    2.2000    3.0000
ALS_avetime =3.3690    3.0498    3.1714


%% ********* data = 4, scheme 1 *****************************
nuAMM = [8   7   8  8 ];   

nuMAPM = [2.7  2.7  2.7  2.7];

nuALS =  [3.8  2.4  1.8  1.4];

AMM_aveNMAE = 0.3017    0.2261    0.2164    0.2099
AMM_averank =1.8000    1.0000    1.0000    1.0000
AMM_avetime =11.5824   10.2852   12.0986   11.8546

Brid_aveNMAE =0.2313    0.2196    0.2115    0.2072
Brid_averank = 1     1     1     1
Brid_avetime =3.6044    3.6846    3.9300    4.1126
    
ALS_aveNMAE = 0.2439    0.2394    0.2371    0.2341
ALS_averank =14.2000   12.2000   10.2000    7.4000
ALS_avetime =11.0610   12.1832   11.3406    9.7670


Toh_aveNMAE = 0.2322    0.2246    0.2200    0.2152
Toh_aveRankX = 757.2000  867.6000  901.0000  927.4000
Toh_avetime = 355.5556  365.6318  370.4198  370.1844
%% ********* data = 4, scheme 2 *****************************
nuAMM = [ 8   7   8    8 ];

nuMAPM = [ 2.7  2.7  2.7  2.7];

nuALS =  [3.8  2.4  1.8  1.4];


AMM_aveNMAE = 0.3041    0.2595    0.2175    0.2107
AMM_averank = 2.0000    1.6000    1.0000    1.0000
AMM_avetime =11.2786   14.4664   11.6518   11.3864

Brid_aveNMAE = 0.2322    0.2210    0.2164    0.2080
Brid_averank = 1.0000    1.0000    1.2000    1.0000
Brid_avetime = 3.6008    3.8356    4.2802    4.0388

ALS_aveNMAE =  0.2442    0.2419    0.2386    0.2364
ALS_averank =  13.8000   11.6000   10.0000    6.8000
ALS_avetime = 11.0562   10.4696    9.5814    9.7214

Toh_aveNMAE = 0.2325    0.2260    0.2207    0.2166
Toh_aveRankX =752.6000  851.8000  899.6000  921.6000
Toh_avetime = 355.9960  357.9708  360.9648  367.9870

%% data = 4 £¬scheme 1£¬  M=M
nuAMM = [40  36 40  40];

nuMAPM = [12  12 12  12 ];

nuALS = [ 0.8   0.8   0.4   0.3];

AMM_aveNMAE =0.2724    0.2350    0.2160    0.2064
AMM_averank = 1     1     1     1
AMM_avetime = 8.1322    7.3794    6.6636    6.6982

Brid_aveNMAE = 0.2724    0.2349    0.2157    0.2065
Brid_averank = 1     1     1     1
Brid_avetime =2.8568    3.1568    3.4614    3.6240

ALS_aveNMAE =  0.6991    0.6164    0.5869    0.4620
ALS_averank = 26.4000    7.8000   18.4000   16.6000
ALS_avetime =17.6128   12.3632   14.9368   14.6156

Toh_aveNMAE =0.6235    0.5578    0.5467    0.4775
Toh_aveRankX = 506.0000  779.2000  721.6000  936.4000
Toh_avetime = 362.9182  340.9812  342.8362  345.5526

%% data = 4 £¬scheme 2£¬  M=M
nuAMM = [40  42 40  40];

nuMAPM = [12  12 12  12 ];

nuALS = [ 0.8   0.8   0.4   0.3];

